111111111 0.980000
111111110 0.983333
111111101 0.973333
111111100 0.973333
111111011 0.980000
111111010 0.983333
111111001 0.973333
111111000 0.973333
111110111 0.966667
111110110 0.966667
111110101 0.963333
111110100 0.956667
111110011 0.966667
111110010 0.966667
111110001 0.963333
111110000 0.956667
111101111 0.980000
111101110 0.983333
111101101 0.973333
111101100 0.973333
111101011 0.980000
111101010 0.983333
111101001 0.973333
111101000 0.973333
111100111 0.966667
111100110 0.966667
111100101 0.963333
111100100 0.956667
111100011 0.966667
111100010 0.966667
111100001 0.963333
111100000 0.956667
111011111 0.976667
111011110 0.980000
111011101 0.970000
111011100 0.970000
111011011 0.976667
111011010 0.980000
111011001 0.970000
111011000 0.970000
111010111 0.950000
111010110 0.963333
111010101 0.956667
111010100 0.970000
111010011 0.950000
111010010 0.953333
111010001 0.960000
111010000 0.956667
111001111 0.976667
111001110 0.980000
111001101 0.970000
111001100 0.970000
111001011 0.976667
111001010 0.980000
111001001 0.970000
111001000 0.970000
111000111 0.960000
111000110 0.963333
111000101 0.966667
111000100 0.970000
111000011 0.960000
111000010 0.956667
111000001 0.966667
111000000 0.966667
110111111 0.966667
110111110 0.973333
110111101 0.960000
110111100 0.963333
110111011 0.980000
110111010 0.983333
110111001 0.976667
110111000 0.973333
110110111 0.980000
110110110 0.980000
110110101 0.970000
110110100 0.970000
110110011 0.973333
110110010 0.973333
110110001 0.966667
110110000 0.966667
110101111 0.973333
110101110 0.973333
110101101 0.963333
110101100 0.963333
110101011 0.973333
110101010 0.973333
110101001 0.953333
110101000 0.950000
110100111 0.980000
110100110 0.980000
110100101 0.970000
110100100 0.970000
110100011 0.973333
110100010 0.973333
110100001 0.940000
110100000 0.940000
110011111 0.973333
110011110 0.980000
110011101 0.966667
110011100 0.970000
110011011 0.970000
110011010 0.973333
110011001 0.970000
110011000 0.970000
110010111 0.960000
110010110 0.976667
110010101 0.950000
110010100 0.966667
110010011 0.960000
110010010 0.956667
110010001 0.940000
110010000 0.936667
110001111 0.980000
110001110 0.980000
110001101 0.970000
110001100 0.970000
110001011 0.973333
110001010 0.973333
110001001 0.973333
110001000 0.970000
110000111 0.970000
110000110 0.980000
110000101 0.963333
110000100 0.970000
110000011 0.953333
110000010 0.956667
110000001 0.940000
110000000 0.943333
101111111 0.946667
101111110 0.946667
101111101 0.946667
101111100 0.946667
101111011 0.946667
101111010 0.946667
101111001 0.946667
101111000 0.946667
101110111 0.963333
101110110 0.956667
101110101 0.966667
101110100 0.970000
101110011 0.956667
101110010 0.956667
101110001 0.943333
101110000 0.943333
101101111 0.933333
101101110 0.933333
101101101 0.933333
101101100 0.933333
101101011 0.933333
101101010 0.933333
101101001 0.933333
101101000 0.933333
101100111 0.966667
101100110 0.966667
101100101 0.956667
101100100 0.956667
101100011 0.970000
101100010 0.960000
101100001 0.956667
101100000 0.953333
101011111 0.956667
101011110 0.956667
101011101 0.956667
101011100 0.956667
101011011 0.956667
101011010 0.956667
101011001 0.956667
101011000 0.956667
101010111 0.973333
101010110 0.966667
101010101 0.973333
101010100 0.976667
101010011 0.970000
101010010 0.970000
101010001 0.963333
101010000 0.963333
101001111 0.943333
101001110 0.943333
101001101 0.943333
101001100 0.943333
101001011 0.943333
101001010 0.943333
101001001 0.943333
101001000 0.943333
101000111 0.976667
101000110 0.976667
101000101 0.956667
101000100 0.970000
101000011 0.980000
101000010 0.980000
101000001 0.936667
101000000 0.930000
100111111 0.966667
100111110 0.966667
100111101 0.966667
100111100 0.966667
100111011 0.963333
100111010 0.963333
100111001 0.966667
100111000 0.966667
100110111 0.956667
100110110 0.956667
100110101 0.976667
100110100 0.976667
100110011 0.963333
100110010 0.963333
100110001 0.950000
100110000 0.950000
100101111 0.970000
100101110 0.970000
100101101 0.966667
100101100 0.966667
100101011 0.966667
100101010 0.966667
100101001 0.966667
100101000 0.966667
100100111 0.960000
100100110 0.960000
100100101 0.970000
100100100 0.970000
100100011 0.940000
100100010 0.936667
100100001 0.960000
100100000 0.943333
100011111 0.966667
100011110 0.966667
100011101 0.966667
100011100 0.966667
100011011 0.966667
100011010 0.966667
100011001 0.963333
100011000 0.963333
100010111 0.980000
100010110 0.980000
100010101 0.973333
100010100 0.970000
100010011 0.970000
100010010 0.970000
100010001 0.926667
100010000 0.923333
100001111 0.960000
100001110 0.960000
100001101 0.960000
100001100 0.960000
100001011 0.956667
100001010 0.956667
100001001 0.960000
100001000 0.960000
100000111 0.973333
100000110 0.973333
100000101 0.936667
100000100 0.980000
100000011 0.943333
100000010 0.940000
100000001 0.910000
100000000 0.736667
011111111 0.990000
011111110 0.983333
011111101 0.993333
011111100 0.986667
011111011 0.986667
011111010 0.980000
011111001 0.990000
011111000 0.983333
011110111 0.966667
011110110 0.966667
011110101 0.973333
011110100 0.966667
011110011 0.966667
011110010 0.966667
011110001 0.963333
011110000 0.950000
011101111 0.990000
011101110 0.983333
011101101 0.993333
011101100 0.986667
011101011 0.986667
011101010 0.980000
011101001 0.990000
011101000 0.983333
011100111 0.966667
011100110 0.966667
011100101 0.970000
011100100 0.966667
011100011 0.966667
011100010 0.966667
011100001 0.950000
011100000 0.946667
011011111 0.980000
011011110 0.983333
011011101 0.986667
011011100 0.986667
011011011 0.980000
011011010 0.983333
011011001 0.986667
011011000 0.986667
011010111 0.966667
011010110 0.966667
011010101 0.966667
011010100 0.970000
011010011 0.956667
011010010 0.966667
011010001 0.956667
011010000 0.956667
011001111 0.986667
011001110 0.983333
011001101 0.986667
011001100 0.986667
011001011 0.983333
011001010 0.983333
011001001 0.983333
011001000 0.986667
011000111 0.966667
011000110 0.966667
011000101 0.960000
011000100 0.963333
011000011 0.956667
011000010 0.966667
011000001 0.960000
011000000 0.960000
010111111 0.980000
010111110 0.983333
010111101 0.983333
010111100 0.983333
010111011 0.976667
010111010 0.983333
010111001 0.983333
010111000 0.983333
010110111 0.976667
010110110 0.976667
010110101 0.970000
010110100 0.973333
010110011 0.970000
010110010 0.970000
010110001 0.963333
010110000 0.960000
010101111 0.973333
010101110 0.980000
010101101 0.980000
010101100 0.986667
010101011 0.970000
010101010 0.976667
010101001 0.983333
010101000 0.983333
010100111 0.980000
010100110 0.973333
010100101 0.976667
010100100 0.973333
010100011 0.970000
010100010 0.970000
010100001 0.940000
010100000 0.906667
010011111 0.976667
010011110 0.980000
010011101 0.983333
010011100 0.983333
010011011 0.980000
010011010 0.980000
010011001 0.983333
010011000 0.983333
010010111 0.976667
010010110 0.976667
010010101 0.973333
010010100 0.976667
010010011 0.956667
010010010 0.966667
010010001 0.960000
010010000 0.936667
010001111 0.976667
010001110 0.980000
010001101 0.986667
010001100 0.980000
010001011 0.976667
010001010 0.980000
010001001 0.986667
010001000 0.980000
010000111 0.983333
010000110 0.983333
010000101 0.976667
010000100 0.970000
010000011 0.960000
010000010 0.966667
010000001 0.933333
010000000 0.936667
001111111 0.960000
001111110 0.966667
001111101 0.960000
001111100 0.963333
001111011 0.956667
001111010 0.963333
001111001 0.960000
001111000 0.963333
001110111 0.946667
001110110 0.946667
001110101 0.943333
001110100 0.943333
001110011 0.953333
001110010 0.956667
001110001 0.950000
001110000 0.943333
001101111 0.960000
001101110 0.960000
001101101 0.960000
001101100 0.966667
001101011 0.960000
001101010 0.953333
001101001 0.960000
001101000 0.956667
001100111 0.943333
001100110 0.950000
001100101 0.950000
001100100 0.950000
001100011 0.956667
001100010 0.956667
001100001 0.960000
001100000 0.936667
001011111 0.963333
001011110 0.970000
001011101 0.973333
001011100 0.976667
001011011 0.960000
001011010 0.966667
001011001 0.973333
001011000 0.976667
001010111 0.953333
001010110 0.946667
001010101 0.970000
001010100 0.970000
001010011 0.963333
001010010 0.953333
001010001 0.973333
001010000 0.953333
001001111 0.963333
001001110 0.960000
001001101 0.973333
001001100 0.963333
001001011 0.963333
001001010 0.960000
001001001 0.973333
001001000 0.966667
001000111 0.946667
001000110 0.953333
001000101 0.956667
001000100 0.956667
001000011 0.960000
001000010 0.956667
001000001 0.960000
001000000 0.916667
000111111 0.953333
000111110 0.953333
000111101 0.943333
000111100 0.970000
000111011 0.953333
000111010 0.956667
000111001 0.943333
000111000 0.943333
000110111 0.956667
000110110 0.966667
000110101 0.960000
000110100 0.963333
000110011 0.946667
000110010 0.953333
000110001 0.953333
000110000 0.953333
000101111 0.943333
000101110 0.966667
000101101 0.970000
000101100 0.970000
000101011 0.950000
000101010 0.956667
000101001 0.950000
000101000 0.940000
000100111 0.950000
000100110 0.960000
000100101 0.923333
000100100 0.886667
000100011 0.876667
000100010 0.876667
000100001 0.866667
000100000 0.873333
000011111 0.970000
000011110 0.973333
000011101 0.960000
000011100 0.970000
000011011 0.970000
000011010 0.976667
000011001 0.953333
000011000 0.950000
000010111 0.976667
000010110 0.976667
000010101 0.970000
000010100 0.963333
000010011 0.943333
000010010 0.933333
000010001 0.946667
000010000 0.943333
000001111 0.953333
000001110 0.973333
000001101 0.963333
000001100 0.966667
000001011 0.960000
000001010 0.963333
000001001 0.930000
000001000 0.920000
000000111 0.966667
000000110 0.966667
000000101 0.970000
000000100 0.973333
000000011 0.926667
000000010 0.923333
000000001 0.830000
000000000 0.000000
